POST /collect HTTP/1.1
Host: i.clarity.ms
Cookie: MUID=08E9BC3E447E66CB00ADAA7845346719
User-Agent: Mozilla/5.0 (Windows NT 10.0; Win64; x64; rv:147.0) Gecko/20100101 Firefox/147.0
Accept: */*
Accept-Language: pt-BR,pt;q=0.9,en-US;q=0.8,en;q=0.7
Accept-Encoding: gzip, deflate
Content-Type: text/plain;charset=UTF-8
Content-Length: 2256
Referer: https://www.lottu.bet.br/
Origin: https://www.lottu.bet.br
Sec-Fetch-Dest: empty
Sec-Fetch-Mode: cors
Sec-Fetch-Site: cross-site
Te: trailers
Connection: close

{"e":["0.8.47",4,4342,5945,"uj2vrhi9rg","1tb39xw","1ifz5bb",2,0,0,0,"https://www.lottu.bet.br/signin"],"a":[[6269,27,471,"••••",1],[7051,12,471,523,435],[7067,12,549,510,423],[7082,12,549,494,409],[7098,12,398,478,400],[7114,12,398,466,397],[7129,12,398,458,397],[7145,12,398,453,399],[7160,12,398,452,401],[7207,12,398,450,401],[7223,12,398,439,403],[7223,12,183,431,403],[7254,12,170,415,401],[7300,12,170,416,401],[7317,12,183,421,403],[7331,12,183,425,405],[7348,12,183,431,406],[7363,12,183,435,408],[7379,12,549,438,409],[7394,12,549,441,410],[7410,12,549,443,410],[7425,12,549,445,410],[7442,12,549,448,410],[7473,12,549,455,410],[7488,12,549,458,411],[7504,12,549,460,413],[7520,12,549,464,414],[7534,12,605,467,416],[7551,12,605,471,417],[7566,12,605,473,418],[7582,12,605,475,418],[7597,12,605,479,420],[7614,12,605,482,421],[7628,12,668,485,421],[7645,12,668,486,422],[7659,12,668,488,422],[7676,12,668,489,422],[7706,12,549,491,422],[7723,12,549,492,422],[7738,12,549,493,423],[7754,12,549,498,424],[7769,12,549,503,425],[7785,12,549,507,427],[7801,12,549,515,429],[7817,12,549,521,431],[7832,12,549,527,432],[7848,12,471,532,436],[7864,12,471,532,437],[7879,12,471,530,437],[7989,12,471,529,438],[8004,12,471,527,441],[8020,12,471,527,440],[8051,12,471,533,448],[8066,12,399,546,468],[8082,12,324,558,484],[8098,12,324,568,501],[8114,12,324,575,515],[8129,12,478,579,529],[8145,12,607,579,536],[8160,12,607,579,540],[8176,12,607,578,542],[8207,12,607,574,543],[8222,12,607,570,544],[8239,12,478,564,544],[8254,12,478,556,544],[8270,12,478,549,544],[8285,12,478,546,544],[8347,12,478,546,543],[8364,12,478,546,542],[8473,12,478,546,543],[8489,12,478,546,544],[8739,13,478,546,544],[8745,42,471,"password","••••",""],[8801,12,478,553,545],[8801,12,478,554,545],[8801,14,478,554,545],[8801,9,478,554,545,11888,17066,0,1,0,null,null,"1uxcisyay.6rcxyvnng",1,0,328,48,"span","mat-mdc-button-touch-target",""],[3426,22,9,"7h1emhxch.3lhgrgck4",529,440,0,0],[4342,4,1,1199,882,1199,882,0,0,529,440,4001,0,3426,529,440,3239,529,440,3348,529,440,3426,529,440,3426,null],[10287,0,2,614,3,22,4,16,5,33,25,113],[10287,36,6,[4348,0,4802,0,4930,100,5491,11,5858,74,6621,0,6974,28,7300,59,7651,0,8151,0,8493,12,8744,90,8878,0,8982,0,9998,40]]]}